# Created by Octave 4.4.0, Sun Aug 19 00:41:36 2018 GMT <unknown@FACULTY-PC>
# name: normHists
# type: matrix
# rows: 64
# columns: 50
 0.48383146466302152 0.49859258343004498 0 0.31927259644657735 0.0044467801347138035 0.32120387867673117 0.46938980176904022 0.14765328625994339 0.45067277045674636 0.4265205969315099 0.26805837099397428 0.28396866087340911 0.49602606534780763 0.22978535001916742 0.42896557411827607 0.4954627414405921 0.024340164916746412 0.45955508584766214 0.4846131727359968 0.49807354771686896 0.48935413332913236 0.49861689834355516 0.0065271513326330671 0.013366957315927084 0.029378763570793002 0.16072514373032151 0.45262913943545136 0.31483284964819097 0.16084217319963443 0.44224977950600475 0.32120387867672501 0.013721551054878146 0.49602606534780791 0.14765328625994253 0.14765328625994339 0.14765328625994409 0.45067277045674659 0.14765328625994281 0.44450953893964973 0.42709451105044077 0.49602606534780791 0.4838325634283242 0.43882770630416124 0.4960260653478073 0.015808841601312851 0.47826832793765323 0.47438403450698841 0.49995337994525174 0.32120387867672501 0.26538294917210564
 0.49602606534780791 0.49602606534780735 0 0.4288869097250288 0.4450293459538997 0.27759595324033354 0.3903474450984783 0.14765328625994339 0.45067277045674603 0.49274179915946592 0.12754962531550537 0.26955704207021869 0.49602606534780758 0.23484809289992548 0.24028603705610938 0.49872679749914006 0.050484540128398078 0.47497220283953956 0.41765044135726609 0.49385908547464147 0.4854771060532358 0.49865288196391017 0.006265704229932818 0.0075678318981208274 0.14069016105770998 0.20395874035378281 0.44441498897681009 0.35164245598970145 0.16544005466946154 0.47733657779507299 0.14765328625994317 0.4960260653478068 0.4960260653478073 0.47438403450698835 0.46626661471531572 0.45067277045674614 0.4736039121977339 0.4960260653478068 0.49565151108147587 0.4960260653478073 0.4960260653478073 0.4960260653478073 0.4960260653478073 0.49602606534780735 0.4960260653478073 0.46472356905015283 0.42652627458521453 0.49602606534780774 0.28997113473905234 0.48552603356854035
 0.4960260653478068 0.4960260653478068 0 0.41857117455748705 0.43682768618124179 0.4960260653478068 0.040925671588287214 0.15263094639998687 0.4506727704567462 0.49999506461941351 0.22090229313461521 0.28244116077734649 0.39886586275463687 0.21325409482676547 0.28596393036844381 0.49608431831618799 0.096624459340519803 0.49945303672883923 0.4134248918273466 0.48895442721032945 0.47715949062049567 0.4971563978628678 0.0049253326446959938 0.0084161114354106004 0.24062923179784021 0.21512693039824232 0.44786319029051735 0.27534353617382629 0.15361185524932217 0.49602606534780791 0.14765328625994331 0.42641814847637605 0.14765328625994026 0.4960260653478073 0.49602606534780791 0.49284999416107228 0.49797785585425897 0.44338054046253117 0.44544764140613902 0.4960260653478073 0.49602606534780791 0.4960260653478073 0.4960260653478073 0.4960260653478073 0.41535120210854126 0.49796498362568747 0.4960260653478068 0.49672427790730084 0.45067277045674659 0.37472055238315077
 0.48123504717359911 0.49602606534780791 0 0.43710856759860039 0.45861205428419805 0.44100375528421709 0.018162382370331139 0.090927333967635124 0.46770797213746995 0.49746817846876401 0.22770160562645825 0.31438004672222952 0.089949820516053033 0.22467693334450434 0.035023738535400792 0.49796090595038556 0.067647118236632581 0.49759315489452227 0.458909582332241 0.4883106635271956 0.46471900548441925 0.49316958994519083 0.0046748513631509926 0.013635243442021284 0.21881948265558054 0.24246775386941549 0.4419261592956133 0.31008196273050886 0.15891992840919722 0 0.47346772396660158 0.49602606534780735 0.4960260653478078 0.43417339483356771 0.063308666971710018 0.49602606534780791 0.43779114467715879 0.44632992990312392 0.015808841601312879 0.4960260653478073 0.49602606534780791 0.4960260653478073 0.4960260653478073 0.35780912557702182 0.38718791761531657 0.090927333967630641 0.37793522191579043 0.47511916247893993 0.32120387867672501 0.37472055238315077
 0.49935010707719457 0.42642109273278395 0.45067277045674614 0.36272594567837868 0.43872849838010169 0.4960260653478068 0.48783974391520846 0.040127715655046581 0.46938980176904022 0.49764920770659005 0.22308087532703816 0.22888882483890594 0.36290154777135925 0.22942276737160672 0.28400128054374046 0.30778739388068754 0.029528236783618152 0.49428099962492267 0.39322914773689077 0.49699390672618321 0.47172921827170006 0.43676909296060829 0.0047491052031788852 0.015212291705816613 0.10528856728781008 0.15800460799283081 0.41535863093949221 0.33030292701335934 0.14699030801947632 0.42944013921350271 0.14765328625994253 0.48747586135841148 0.45067277045674603 0.42709451105044077 0.14765328625994281 0.4960260653478068 0.46918108047653978 0.44354129039695223 0.14765328625994473 0.4960260653478073 0.49602606534780791 0.4960260653478073 0.4960260653478073 0.49602606534780735 0.4960260653478068 0.47438403450698841 0.46735124219674562 0.49414904038303897 0.45067277045674603 0.4960260653478078
 0.42944013921350271 0.49602606534780791 0 0.41541258293386801 0.33607374383718702 0.42944013921350271 0.095993900685480665 0.10330141023731525 0.48123504717359911 0.4950621790879085 0.16958978614089121 0.24185620373201477 0.40267273539433857 0.11358718731937795 0.32153473243179248 0.24000085708446167 0.15883405124109529 0.46469491287686904 0.44301112566862411 0.49994122901815452 0.49466414919328416 0.48547537903255089 0.0050067003105176214 0.014582958638081404 0.041835034768941438 0.21924488639376769 0.4152245542055551 0.30053998408696841 0.18366793865967329 0.45067277045674481 0.43979404024021063 0.49602606534780791 0.026650121626114333 0 0.027670790542593211 0.4960260653478068 0.43157983737060701 0.49998194078958952 0.4532786308410901 0.4960260653478073 0.49602606534780791 0.4960260653478073 0.4960260653478073 0.4960260653478073 0.38718791761531657 0.47438403450698852 0.40750419245488956 0.49800502069751229 0.4305031799110649 0.49602606534780791
 0.33331438426782589 0.49602606534780791 0.45067277045674481 0.42305343878065571 0.35546451637477117 0.4960260653478068 0.014712815696025587 0.40475127128539151 0.46770797213746995 0.15625126230399905 0.49404756305003128 0.20099186959681492 0.48251619208516328 0.12004699393228868 0.23404993901863383 0.43458866750575387 0.31442067663388884 0.49873098408709104 0.45540095354396276 0.49960150474279819 0.48037354591567466 0.47943134064672988 0.0077955470138678148 0.017707186313748752 0.080371107520682022 0.008967185025728748 0.49552697774024729 0.29692939651555206 0.13464479540579516 0.45067277045674614 0.4905454957534634 0.49602606534780791 0.49919287003277985 0.40683033279021497 0.49998151374912841 0.47230267109055329 0.46932601644934768 0.27460057961861278 0.43417339483356771 0.4960260653478073 0.49602606534780791 0.4960260653478073 0.4960260653478073 0.4960260653478073 0.098326616720860516 0.48123504717359911 0.42465718141925246 0.49602606534780674 0.46735124219674562 0.49602606534780758
 0 0.4960260653478068 0.45067277045674481 0 0.4960260653478068 0.45102302207433226 0.45067277045674614 0.48128514111691451 0.45067277045674586 0.11431963881652618 0.13337719690058475 0.24353068479795043 0.49215231043589425 0.10868846731443489 0.37688541000294373 0.49897540870664403 0.32206977301276618 0.49971578921148618 0.49602606534780769 0.49430678130200556 0.49997239889142353 0.48201462126547578 0.04072402239118187 0.017537656907484 0.027064069935758939 0.13147207500658456 0.48552603356854035 0.30499607525520778 0.13507106602285343 0.44844905508931837 0.44868837897653252 0.44742919878888077 0.45013635816405029 0.45122846349103979 0.44297545290732454 0.44907265529948126 0.18694392731493009 0.44721859265051006 0.44878086331119449 0.49602606534780791 0.49602606534780791 0.49602606534780791 0.49602606534780791 0.49602606534780791 0.036893807771410159 0.49393834311891027 0.40750419245488956 0.4960260653478068 0.48123504717359911 0.4960260653478073
