# Created by Octave 4.4.0, Wed Aug 15 14:34:16 2018 GMT <unknown@FACULTY-PC>
# name: x
# type: matrix
# rows: 3
# columns: 3
 1 2 3
 13 4 5
 23 4 2


